   255   254   255   255   254   253   255   255   248   255   254   255   251   252   204    18     6     0     2     5     1    28   246   255   253   255   255   255   253   255
   254   254   254   255   255   255   254   250   255   244   249   253   255   254   212     8     3    11     0     8     2    11   255   248   255   251   252   254   255   247
   253   255   255   253   255   255   255   255   252   253   255   254   255   203    26     9     0     7    15     4    32     2   201   255   250   250   255   250   248   255
   254   255   255   252   255   255   254   255   255   244   250   185   195    28     4     0     0    11    55    57   171     0     0   126   134   253   252   255   255   248
   255   255   253   255   255   255   252   250   251   239   252   196   202    26     6     2     8     0    50    56   168     2     7   133   132   255   252   253   247   255
   255   254   255   255   254   254   255   255   253    98    85     7     4     1     5     5     5     3    10     0   163    68     1    89    83   255   255   253   255   249
   254   254   255   255   249   255   255   247   207    12    21     0     4     0    67   140     0     3    25    29   201   180     0    85    89   254   255   255   252   255
   255   252   254   255   253   255   248   212    14     9     2     1     3    79   241   181   132   133   238   234   255   254     2     9    14   204   203   255   254   249
   244   255   248   251   255   255   248   206    19     0     9     5     0    82   235   185   136   138   229   236   255   252     3    13    11   209   205   252   255   252
   254   248   255   253   245   251   221    93     5    14    23    46    50   167   255   251   255   246   255   255   253   251     6     4     2    85    89   249   255   252
   254   255   255   254   251   245    83     0    23   178   187   236   232   226   255   250   255   255   246   255   251   251     6     0     5    64    65   255   250   252
   253   253   253   254   246   251    71     8    12   191   188   234   239   227   246   255   251   254   255   255   255   253     1     1     6    59    51   255   255   255
   254   255   255   245   198   203     5     0   194   251   255   245   255   252   255   252   253   250   255   247   255   255     3     6     3    57    61   255   249   253
   255   252   255   251    58    51     2    67   250   255   254   255   249   252   253   252   255   255   255   255   255   255     2     1     4    58    61   252   255   252
   251   253   251   179    10     6     6   142   255   251   255   252   255   254   253   255   252   255   252   255   251   250     2     3     0   110   112   255   252   255
   254   253   255   177     4    10     5   142   255   255   249   255   255   247   255   249   255   250   255   255   255   254     1     1     6   107   104   255   255   253
   255   253   251   177     5     3    25   224   251   255   255   252   255   255   254   252   255   255   254   255   248   119     6    70    68   241   246   252   255   255
   255   249   255   164     3     0    33   255   255   241   255   246   255   254   255   255   253   250   255   246   118     9    22   184   187   255   244   255   254   249
   252   255   254   165     8     7    34   248   255   255   255   254   252   248   255   250   255   255   241   253   129     1    30   184   171   255   255   247   254   255
   254   248   254   180     1     3   108   255   252   250   248   251   254   255   246   253   205   202    94    88     0    93   252   250   255   249   251   255   249   254
   255   255   254   165     0     5    32   251   255   250   255   255   249   253   253   146    19    14    10     6    91   250   255   255   255   251   255   253   254   255
   255   248   255   168     9     9     7   111   204   228   226   159   177    79    25     0    24    43    82    86   206   246   252   248   255   249   255   255   255   255
   255   255   254   174     3     0     2   107   211   224   227   173   169    74    34     7    32    29    82    89   200   253   255   255   254   254   255   253   250   252
   249   252   255   167     5     9     1     3    23    43    38     1     6     2     4    61   127   119   255   253   254   254   255   252   254   255   251   253   255   253
   255   252   255   232    53    54     5     7     0     9     1     4     2    22   106   255   255   254   253   254   254   254   254   255   255   255   255   255   255   255
   250   255   255   228    58    50     1     1     0     0     0    11     0    22   114   254   254   253   253   254   254   254   254   255   255   255   255   255   255   255
   255   250   252   254   231   240   130     5    11     0    10   108   114   229   253   251   254   253   253   254   254   254   254   255   255   255   255   255   255   255
   255   250   255   255   250   252   255   247   245   255   255   251   250   252   253   254   253   252   253   254   254   254   254   255   255   255   255   255   255   255
   252   255   250   255   251   255   255   255   253   252   252   255   255   253   255   255   253   253   253   254   254   254   254   255   255   255   255   255   255   255
   255   255   251   255   255   252   250   255   255   255   255   250   254   254   255   247   254   253   253   255   255   254   253   254   255   255   255   255   255   255
