   255   255   255   255   255   255   255   255   255   252   255   248   255   252   255   251   255   255   189   197     0     2     0   194   253   255   249   255   252   253
   255   255   255   255   255   255   255   255   252   255   247   255   252   252   255   253   255   163    46    46    10     0     7    52   139   253   252   247   255   255
   255   255   255   255   255   255   255   255   255   255   253   248   255   251   247   255   254   159    54    57     0     5     1    51   147   250   245   255   254   252
   255   255   255   255   255   255   255   255   250   255   255   253   248   255   252   253   161    68     0     5     5     2     0     6     1   228   222   244   255   251
   255   255   255   255   255   255   255   255   255   251   253   239   240   196    32    32     8     2    11     3    46    45    42     2     5   220   229   255   253   255
   255   255   255   255   255   255   255   255   249   252   255   242   236   196    24    33    13     9     3     2    46    41    40     5     1   227   219   255   248   245
   255   255   255   255   255   255   255   255   253   255   173    72    76     5     2     5     3     7     0     7   165   154   165     2     7   224   223   255   255   255
   255   255   255   255   255   255   255   255   255   159     2     3     1     3     0     0     5     1     4     4   157   160   163     1     1   224   224   254   252   254
   255   252   255   252   252   255   252   161   168    15     5    13     9    37    23    22     2     5    13    12   174   158   157     5     4   223   224   255   255   255
   253   248   253   255   253   244   255   160   163    21     6     8    15    32    24    20     6     5    15    14   170   161   161     5     4   223   224   255   255   255
   254   255   253   255   255   253   171     2     0     1     7    67    69   255   157   167     6     2   139   149   254   160   155     2     4   223   224   255   255   255
   253   251   255   249   157   156    17     4     3    17    65   214   207   254   166   151    54   142   254   249   255   240   250    59     4   223   224   255   255   255
   255   255   249   255   161   159    16     0     2    10    69   215   222   255   159   161    48   147   252   245   254   243   238    61     4   223   224   255   255   255
   253   254   253   250    33    38     0     8     4   134   254   250   252   253   218   222   233   255   253   255   255   248   255    63     4   223   224   255   255   255
   253   255   254   210    18    17     2   255   253   255   255   255   255   255   251   255   254   254   253   251   250   252   255    64     4   223   224   255   255   255
   254   254   211    32     5     2     9   253   253   255   249   255   255   249   255   254   253   255   253   254   255   240   242    57     4   223   224   255   255   255
   250   255   212    32     8     3     0   254   255   255   250   255   252   255   255   255   252   255   251   255   255   243   242    57     2   226   225   251   255   255
   255   251    60    12     1     4     7   255   255   255   255   249   255   249   255   253   255   255   255   251   248   161   164     5     6   217   218   255   254   250
   250   255    62     0     7     7   142   252   254   253   248   255   255   255   252   255   254   253   247   255   216    20    20     1    33   241   230   253   254   255
   255   255    65     2     9     2   140   255   254   255   255   249   251   252   251   255   253   253   255   255   212    21    19     9    37   221   236   251   253   255
   254   251    69     5     0     6   157   254   255   251   253   255   255   255   252   255   255   255   213   210    44     0     2    19   206   255   255   255   253   255
   254   254    59     1     8     1     5   254   253   255   252   253   248   250   255   254   238    81     0     5     0    36    38   219   253   252   254   254   253   248
   252   255   189    20     1     4     6    64    66    66   143   190   184    66    62    66    62     0    12    15   134   213   222   251   255   255   254   249   255   255
   255   255   188    19     8     0     8    61    64    65   139   184   180    64    68    62    59     3    12    13   134   220   213   255   255   252   255   253   248   254
   255   249   254   197    13    20     7     1     4     5     2     4     1    10     0     2     4    67   160   157   253   255   252   255   255   255   255   255   255   255
   255   255   251   255   226   224   124     2     0     7     6     9     6     0    29    27    86   236   255   255   255   255   255   251   255   255   255   255   255   255
   251   255   255   255   230   228   129     0     4     5     0     0     4     1    25    29    85   246   251   251   248   254   253   255   255   255   255   255   255   255
   255   248   251   253   255   252   252   159   157    43    13    40    41   169   194   193   254   255   251   255   255   250   255   255   255   255   255   255   255   255
   254   251   255   255   249   255   255   252   255   248   250   255   253   248   255   248   252   255   252   253   252   250   252   251   255   255   255   255   255   255
   253   255   255   245   255   239   253   255   248   255   252   255   255   255   247   255   255   247   247   255   252   255   255   255   255   255   255   255   255   255