   255   255   255   255   255   255   255   255   255   255   252   255   255   249   255   255   255   248   255   254   255   255   255   248   253   250   255   255   254   255
   255   255   255   255   255   255   255   255   252   255   247   255   251   255   201     0     1     9     0     1     0   131   247   255   255   249   247   253   252   255
   255   255   255   255   255   255   255   255   255   255   255   253   253   255   197     6     1     8     2     2     5   127   254   255   249   255   254   255   253   253
   255   255   255   255   255   255   255   255   254   247   255   255   255   253    80     0     4     1     0     6    10     6   112   192   193   254   255   255   252   254
   255   255   255   255   255   255   255   255   252   255   255   215    37    36    20     9     5     6    12     3     0     8     3   147   147   250   253   251   255   255
   255   255   255   255   255   255   255   255   255   255   250   221    45    39     4     4     3     6     0     7    14     5     5   150   147   255   254   253   255   253
   255   255   255   255   255   255   255   255   252   245   255   218     4     2     3     5     7     0     9     6     0     4     1   147   147   254   251   253   255   253
   255   255   255   255   255   255   255   255   255   255   252    90     5     4     6     0     1     5   157   106   110     4     4   147   148   253   255   255   251   255
   255   253   255   247   252   255   253   255   182     0     3    10     0     1     5   125   255   252   255   145   147     4     0   148   150   255   253   253   251   254
   250   253   252   255   255   252   249   255   185     8     6     0    10     0     3   125   253   255   254   140   141     1     4   151   144   254   255   255   255   254
   255   248   255   252   246   255   255   254   178     0     5     8     1     5     7   253   250   255   255   149   144     5     1   144   152   255   253   252   253   255
   251   253   255   250   255   248   247   255    57     7     6     2     9     5    27   255   255   247   248   120   130     3     5   151   144   251   252   255   248   255
   252   255   248   252   255   251   255   254    50     5     5     5     5     2    29   253   255   252   252   123   130     8     0   150   150   255   250   255   254   252
   253   255   255   255   247   253   246   253   109     0    11     0     0     5   185   255   251   255   138     7     2     2     4   148   142   255   252   249   255   254
   255   255   255   249   255   255   255   255     3     4     1     5    82    85   240   248   255   247    43     5     2     8     2   148   154   243   255   253   252   253
   255   248   255   255   251   249   255    69     0    11     0    41   255   254   251   255   249   255    33     1     5     0    75   255   255   254   252   255   253   255
   255   254   253   254   255   255   255    73     3     2     7    37   255   255   251   255   254   255    36     0     9     0    73   254   255   255   255   255   255   255
   255   254   255   254   249   195   192    32     0     0     1    37   255   253   251   255   173   169    22     0     4     7   175   255   255   255   255   255   255   255
   255   254   255   255   251   149   146     5     2     9    11    40   255   252   255   244    93    97     3     8     3   162   252   251   255   255   255   255   255   255
   254   255   255   255   255   144   145     4     7     0     2    40   255   255   254   246    96    92     9     1     1   163   255   255   255   255   255   255   255   255
   255   254   251   255   254   146   151     4     0     6     6   118   255   250   252   106     4     1     1     3     8   182   249   255   255   255   255   255   255   255
   255   253   252   255   252   144   147     2     2    11     0   217   254   255   123     7     5     9     5    82    78   233   255   255   255   255   255   255   255   255
   255   253   255   255   255   144   144     4     0     3     5   157   109   101    14     0     0     6    86   251   255   255   252   253   255   255   255   255   255   255
   253   255   255   247   255   146   143     3     6     0     4   159    99   107     0     2     5     0    94   255   248   250   255   255   255   255   255   255   255   255
   255   253   255   255   251   150   144     2     2     3     0     9     4     3     5     4     3     0   218   255   251   253   255   248   255   255   255   255   255   255
   254   254   253   254   255   156   168    10     3     6     8     1     5     8     1    37   145   145   245   251   255   248   255   255   255   255   255   255   255   255
   252   254   254   255   247   160   163    15     3     0     4     7     0     5     4    41   144   141   255   255   245   255   248   251   255   255   255   255   255   255
   255   255   254   254   255   255   251   150     3    11     6     7    10     0     8   253   248   255   247   243   255   254   254   255   255   255   255   255   255   255
   255   246   247   255   246   252   255   255   131     0     0    29   184   184   189   253   255   255   255   255   248   254   252   255   255   255   255   255   255   255