   255   255   255   255   255   255   255   255   253   255   254   252   253   255   254   255   254   179     0    33    33   175   239   234   253   255   254   254   255   255
   255   255   255   255   255   255   255   255   255   252   255   249   255   251   255   253   255   186     5     1     1     9    81    81   254   252   255   255   255   255
   255   255   255   255   255   255   255   255   255   255   252   254   255   253   247   255   252   174     8     8     0     4    86    69   255   248   254   255   255   252
   255   255   255   255   255   255   255   255   253   249   255   252   247   254   250    80    94    31     7     0     7     0   131   141   255   255   249   254   255   253
   255   255   255   255   255   255   255   255   251   255   254   255   255   252   187    34    36     0     1     7     9     0    12     0   173   251   255   255   255   255
   255   255   255   255   255   255   255   255   255   252   255   239   255   255   187    44    28    10     9     1     5     5     5     2   181   255   253   255   255   250
   255   255   255   255   255   255   255   255   253   255   254   255   251   253   178    20    30     0     0     1     7     2     3     3    19   176   255   254   253   255
   255   255   255   255   255   255   255   255   255   252   251   113     0     3     0     7     0     2     9     3     2     5     1     3     5   148   255   254   255   252
   255   251   255   255   254   252   254   251   255   253   255   116     0     6     2     1     1     4    87   150   144    95     0     8     0    63   241   248   254   255
   254   252   255   250   255   252   255   255   255   255   248   106     9     0     9     5     6     1    83   149   145    82     2     1     8    69   234   251   254   253
   255   255   254   255   249   252   255   254   219   227   170    20     1     9    14    40    42    88   247   246   251   131     7     0     4     1   222   255   253   250
   249   255   255   255   253   255   246   209    50    44     1     4     4     1   114   251   255   254   249   220   215     9     0    12     2     6   213   253   255   251
   255   255   255   250   255   247   253   209    42    40     2     5     8     0   119   255   252   255   255   213   220     3     9     0     2     3   229   250   255   252
   253   252   248   255   250   248   252   152     6     7     2     3     5    13   107   252   255   255   250   248   242   105     7     4     9     0    90   255   255   255
   255   255   252   255   255   248   248   101     0     9     0    49   222   229   255   252   255   254   255   245   250   106     0     4     0    47   226   247   255   252
   253   251   255   251   254   115   107    11     5     2     0   153   254   251   252   255   253   255   254   219   216     5     5     4    44   209   255   255   251   254
   255   252   255   255   250   111   118     1     7     4     2   149   255   255   253   255   253   252   253   222   218     5     2     5    41   206   255   255   255   253
   252   255   251   246   255    69    65     3     1     2     0   127   246   255   250   252   253   255   252   207   219     9     1     4   206   255   252   255   254   255
   255   252   255   255   253   133   137     8     6     7     7    66   239   234   255   255   255   219   148   124   132     1    79    93   151   254   255   254   255   255
   252   255   251   252   254   145   141     5     0     4     0    65   240   235   255   255   255   220   144   128   131     0    83    78   148   254   255   253   255   249
   255   253   253   254   254    35    36     4     0    10    53   230   249   255   255   251   254   186     6     0     3     7   188   184   255   255   255   254   254   255
   255   251   255   252   255    87    91     1     6     0     0    98   188   182   108     0     8     0     1     5     4   111   248   248   255   246   255   255   250   255
   255   255   254   255   249   115   114     1     2    13     0     3    12     0     1    11     1     3     9    20    25   196   251   255   253   255   254   255   255   249
   255   253   255   255   255   112   114     5     7     0     6     5     0     3    10     3     5     3     1    30    22   192   255   252   252   254   255   254   255   255
   252   255   251   254   255    64    65     6     5     6     4     0     8     7     2     4     1    12    36   194   204   253   255   251   255   255   255   255   255   255
   252   255   252   255   255   236   236    60     9     0     2     2     4     5     0    90    84   150   255   255   246   253   253   255   255   255   255   255   255   255
   255   250   255   244   252   236   236    72     6     0     1    15     8     0     8    81    80   158   255   246   252   255   255   253   254   255   255   255   255   255
   253   255   254   251   255   245   255   222    51    61     1     1   153   161   185   230   235   254   250   253   251   254   249   255   254   254   255   255   255   255
   253   255   247   255   253   255   250   255   255   255   253   255   255   255   255   255   254   251   254   252   255   255   250   255   253   254   254   255   255   255