   255   255   255   255   255   255   255   255   255   255   255   255   255   255   255   255   254   255   253   253   255   254   255   253   255   252   255   253   255
   255   255   255   255   255   255   255   255   255   255   255   255   255   255   255   255   254   252   255   253   255   129     0     3   188   193   247   252   255
   255   255   255   255   255   255   255   255   255   255   255   255   255   255   255   255   255   252   252   154   165     7     8     3   197   189   255   253   253
   255   255   255   255   255   255   255   255   255   255   255   255   255   255   255   255   247   255   255   162   158    12     2     5   192   188   255   253   255
   255   255   255   255   255   255   255   255   255   255   255   255   255   255   255   255   255   252   255   125   125     6     8     0   189   201   249   255   255
   255   255   255   255   255   255   255   255   255   255   255   255   255   255   255   255   255   177   191    17    22     4    42   226   241   246   255   255   255
   255   255   255   255   255   255   255   255   255   255   255   255   255   255   255   255   193    27    29     9     0     7   164   253   255   254   252   251   255
   255   255   255   255   255   255   255   255   255   255   255   255   255   255   255   255   196    30    25     3     7     2   159   255   255   249   255   254   252
   255   255   255   255   255   255   255   255   255   253   255   255   248   255   248   255    98     0     4     6     0    64   255   252   255   255   255   255   255
   255   255   255   255   255   255   255   255   255   251   250   253   255   253   255   232     5     6     8    13    26   188   252   255   255   255   255   255   255
   255   255   255   255   255   255   255   255   250   255   250   252   253   254   255   234     0     4     1    19    16   189   252   255   255   255   255   255   255
   255   255   255   255   255   255   255   255   255   247   255   254   255   253   218    49     4     3     8   128   133   249   253   255   255   255   255   255   255
   255   255   255   255   255   255   255   255   253   252   250   253   255   254   157     2     1    71    69   241   237   255   255   248   255   255   255   255   255
   255   255   255   255   255   255   255   255   254   255   255   255   178   170    11     3    65   233   233   251   255   252   252   255   255   255   255   255   255
   255   255   255   255   255   255   255   255   255   254   251   251   177   176    11    12    63   227   230   255   255   253   252   251   255   255   255   255   255
   255   255   255   255   255   255   255   255   254   250   226   225     1     1     4     0    93   255   255   252   247   255   248   255   255   255   255   255   255
   255   255   255   254   252   255   255   254   254   253   108   101     7     1     5     3   212   255   255   252   254   252   255   252   255   255   255   255   255
   255   253   254   255   255   255   253   252   251   255    97   106     4     3     4     6   221   250   251   252   255   253   255   255   255   255   255   255   255
   253   255   255   255   255   253   254   255   252   212    31    27    11     6     4    79   248   255   253   255   255   249   253   252   255   255   255   255   255
   252   255   255   251   252   255   255   255   255    22     7     7     2     0    58   248   255   255   251   255   255   252   255   254   255   255   255   255   255
   255   255   253   253   255   255   253   248   253     0     5     4     1     7   166   254   254   251   250   254   253   253   255   255   255   255   255   255   255
   255   252   254   255   254   253   255   255   255     7     6     4     6     3   164   252   255   255   255   255   252   253   254   252   255   255   255   255   255
   255   252   255   255   249   252   255   248   101     0     5     6     0     5   222   255   253   254   255   254   255   255   255   255   255   255   255   255   255
   255   253   255   253   250   255   248   212    24    11     6     7   116   116   250   250   255   254   255   254   255   255   252   255   255   255   255   255   255
   255   253   255   254   253   251   255   205    30     0     7    13   116   110   251   252   255   255   255   255   255   255   255   255   255   255   255   255   255
   254   253   255   254   255   255   250   189     6     2    36    31   254   255   255   255   255   255   255   255   255   255   255   255   255   255   255   255   255
   255   254   254   252   255   255   253   197     0     4    29    37   255   255   255   251   255   255   255   255   255   255   255   255   255   255   255   255   255
   255   255   255   252   252   254   255   223    62    13    31    31   252   252   247   255   255   255   255   255   255   255   255   255   255   255   255   255   255
   253   254   255   255   254   251   255   238    65     0    42    39   255   255   255   255   255   255   255   255   255   255   255   255   255   255   255   255   255
   255   252   252   255   255   253   255   247   255   255   253   255   254   247   248   255   255   255   255   255   255   255   255   255   255   255   255   255   255