   255   255   255   255   255   254   254   253   255   246   252   255   249   254   255   247   252   255   255   255   254   255   255   254   255   255   255   255   255   255
   255   255   255   255   255   254   254   254   249   255   110   101     8    39    48   225   252   254   255   255   254   255   255   254   255   255   255   255   255   255
   255   255   255   255   255   255   255   254   255   248   112   114     3    37    44   224   251   253   254   254   254   255   255   255   255   255   255   255   255   255
   255   255   255   255   255   255   255   255   249   227    16    16     0    11     0   185   252   253   254   254   255   255   255   255   255   255   255   255   255   255
   255   255   255   255   255   255   255   255   251   239    86    76     3     8     1   186   254   254   254   255   255   255   255   255   255   255   255   255   255   255
   255   255   255   255   255   255   255   254   248   251    80    77     2     3     9   176   255   254   254   255   255   255   254   255   255   255   255   255   255   255
   255   255   255   255   255   254   254   254   255   249   105   120     5     2     1   187   255   253   253   255   255   255   254   255   255   255   255   255   255   255
   255   255   255   255   255   254   254   253   252   240    66    63     0     0     6   180   254   252   252   254   255   255   255   255   255   255   255   255   255   255
   255   255   255   255   255   255   254   254   253   233    34    31     8     2     0   135   229   252   255   255   254   248   255   253   255   255   255   255   255   255
   255   255   255   255   255   255   254   254   255   225    31    37     1     4     6   129   218   255   252   247   255   255   255   253   255   255   255   255   255   255
   255   255   255   255   255   255   254   254   255   255   124   134     2     0     2     5   152   251   255   253   255   252   252   255   255   255   255   255   255   255
   255   255   255   255   255   255   254   254   247   255   254   253     3     2     5     2   139   255   255   253   255   255   253   255   255   255   255   255   255   255
   255   255   255   255   255   255   254   254   255   248   255   255     0     4     0     6   151   255   251   252   254   255   255   254   255   255   255   255   255   255
   255   255   255   255   255   255   254   254   250   255   249   251     2     1    10     1   142   251   255   255   253   252   255   255   255   255   255   255   255   255
   255   255   255   255   255   255   254   254   255   251   255   255     1     0     1     2   152   254   255   255   255   255   255   255   255   255   255   255   255   255
   255   255   255   255   255   255   254   254   254   255   253   252     6     0     6     2   145   251   255   252   255   255   254   255   255   255   255   255   255   255
   255   255   255   255   255   255   255   255   253   253   251   251     8     0     2     8   147   255   254   255   253   255   253   255   255   255   255   255   255   255
   255   255   255   255   255   255   255   255   255   255   254   254     0     5     4     0   145   254   253   255   252   254   255   251   255   255   255   255   255   255
   255   255   255   255   255   255   255   255   251   251   255   246     4     2     0     0    88   255   255   255   255   249   254   255   255   255   255   255   255   255
   255   255   255   255   255   255   255   255   251   255   255   255     0    11     1     6    79   255   250   254   253   249   255   255   255   255   255   255   255   255
   255   255   255   255   255   255   255   255   255   250   250   248     2     0     7     1     7   212   210   254   255   255   253   251   255   255   255   255   255   255
   255   255   255   255   255   255   255   255   254   249   255   255   102     5     2     0     0   111   113   255   254   250   255   255   255   255   255   255   255   255
   255   255   255   255   255   255   255   255   255   255   249   253   146     5     0    13     0   117   109   252   248   254   253   254   255   255   255   255   255   255
   255   255   255   255   255   255   255   255   254   253   255   249   154     0    13     0     0   113   105   255   255   253   246   255   255   255   255   255   255   255
   255   255   255   255   255   255   254   254   254   255   255   245   255    37    30     6     0     9     1   220   253   254   255   252   255   255   255   255   255   255
   255   255   255   255   255   255   254   254   255   253   254   255   254    77    88     0     6     1     0   226   252   255   246   255   255   255   255   255   255   255
   255   255   255   255   255   255   254   254   255   246   255   255   249    84    80     2     4     4     0   217   254   248   255   255   255   255   255   255   255   255
   255   255   255   255   255   255   254   254   255   255   251   251   255   173   187     2     1     0    12   218   255   255   255   254   255   255   255   255   255   255
   255   255   255   255   255   255   254   254   253   252   255   252   248   224   225    45     4     5     0   218   247   255   247   255   255   255   255   255   255   255
   255   255   255   255   255   255   254   254   255   251   255   255   255   255   251   250   255   253   255   255   252   255   254   255   255   255   255   255   255   255