   255   255   255   255   255   255   255   255   254   255   255   253   255   254   255   255   255   255   255   255   255   255   255   255   255   255   255   255   255   255
   255   255   255   255   255   255   255   255   254   254   249   255   255   251   251   255   255   255   255   255   255   255   255   255   255   255   255   255   255   255
   255   255   255   255   255   255   255   255   251   255   255   252   193   198    59   253   255   255   255   255   255   255   255   255   255   255   255   255   255   255
   255   255   255   255   255   255   255   255   255   253   251   240     0     0    22   234   255   255   255   255   255   255   255   255   255   255   255   255   255   255
   255   255   255   255   255   255   255   255   249   253   255   232     6     6    22   231   255   255   255   255   255   255   255   255   255   255   255   255   255   255
   255   255   255   255   255   255   255   255   255   255   245   235     6     1     2   208   255   255   255   255   255   255   255   255   255   255   255   255   255   255
   255   255   255   255   255   255   255   255   254   244   255   233     0     7     4   209   255   255   255   255   255   255   255   255   255   255   255   255   255   255
   255   255   255   255   255   255   255   255   255   255   252   245     6     0     2   194   255   255   255   255   255   255   255   255   255   255   255   255   255   255
   255   255   255   255   255   255   255   255   255   249   255   236     2     2     0   199   255   255   255   255   255   255   255   255   255   255   255   255   255   255
   255   255   255   255   255   255   255   255   255   253   255   230     3     4     0   153   255   255   255   255   255   255   255   255   255   255   255   255   255   255
   255   255   255   255   255   255   255   255   255   254   255   233    16    15     3   110   255   255   255   255   255   255   255   255   255   255   255   255   255   255
   255   255   255   255   255   255   255   255   251   253   253   237    22    18     2   116   255   255   255   255   255   255   255   255   255   255   255   255   255   255
   255   255   255   255   255   255   255   255   255   254   252   255    73    71     7   108   255   255   255   255   255   255   255   255   255   255   255   255   255   255
   255   255   255   255   255   255   255   255   253   255   254   253    73    77     1   111   255   255   255   255   255   255   255   255   255   255   255   255   255   255
   255   255   255   255   255   255   255   255   252   255   255   253    81    82     1    97   255   255   255   255   255   255   255   255   255   255   255   255   255   255
   255   255   255   255   255   255   255   255   251   254   255   253    79    72     2    94   255   255   255   255   255   255   255   255   255   255   255   255   255   255
   255   255   255   255   255   255   255   255   255   251   252   255    73    80     1    14   255   255   255   255   254   252   255   255   255   255   255   255   255   255
   255   255   255   255   255   255   255   255   251   255   255   248   149   148     0    21   255   255   251   252   255   255   253   253   255   255   255   255   255   255
   255   255   255   255   255   255   255   255   252   255   245   254   141   143     5    14   254   244   255   255   251   255   254   253   255   255   255   255   255   255
   255   255   255   255   255   255   255   255   254   255   255   249   176   162     1     9   228   226   247   255   248   255   255   254   255   255   255   255   255   255
   255   255   255   255   255   255   255   255   255   250   250   255   174   184     2     2   212   217   252   255   252   255   250   253   255   255   255   255   255   255
   255   255   255   255   255   255   255   255   255   252   249   255   252   246    38     5   108   104   255   247   252   255   251   255   255   255   255   255   255   255
   255   255   255   255   255   255   255   255   250   255   255   255   254   255    43     0   103    99   255   254   255   255   251   253   255   255   255   255   255   255
   255   255   255   255   255   255   255   255   255   253   247   255   254   252   113    10   247   252   247   255   252   255   254   255   255   255   255   255   255   255
   255   255   255   255   255   255   255   255   251   255   254   251   253   255   105    20   253   247   255   254   254   254   255   252   255   255   255   255   255   255
   255   255   255   255   255   255   255   255   252   255   251   255   254   252   121    12   255   246   255   251   254   255   252   250   255   255   255   255   255   255
   255   255   255   255   255   255   255   255   255   254   252   254   253   250    99     7   162   186   251   255   254   252   245   255   255   255   255   255   255   255
   255   255   255   255   255   255   255   255   250   255   255   251   252   255    26     6   214   216   250   252   254   255   252   255   255   255   255   255   255   255
   255   255   255   255   255   255   255   255   255   249   255   251   255   249    92    43   226   231   255   255   255   253   253   254   255   255   255   255   255   255
   255   255   255   255   255   255   255   255   247   255   255   255   248   255    81    44   217   225   249   255   255   253   254   251   255   255   255   255   255   255