   255   255   255   255   255   255   255   255   255   255   255   255   254   255   254   255   255   254   255   253   255   255   252   255   255   255   255   255   255   255
   255   255   255   255   255   255   255   255   255   254   251   252   253   253   254   255   251   253   255   255   255   255   255   254   255   255   255   255   255   255
   255   255   255   255   255   255   255   255   254   255   255   250    88    86    17   218   226   255   255   254   253   255   255   255   255   255   255   255   255   255
   255   255   255   255   255   255   255   255   252   255   251   243    30    23     0   160   154   243   254   253   255   255   254   254   255   255   255   255   255   255
   255   255   255   255   255   255   255   255   255   255   248   255    31    26     1   152   157   255   255   254   254   253   255   255   255   255   255   255   255   255
   255   255   255   255   255   255   255   255   255   251   255   250    64    63     0   134   138   252   250   255   255   253   255   251   255   255   255   255   255   255
   255   255   255   255   255   255   255   255   251   255   254   250   175   174     2    95    91   254   255   255   254   252   255   255   255   255   255   255   255   255
   255   255   255   255   255   255   255   255   255   254   255   253   226   219     3     4     1   236   255   251   255   255   251   255   255   255   255   255   255   255
   255   255   255   255   255   255   255   255   255   254   255   255   223   226     0     3    10   230   255   255   255   252   255   253   255   255   255   255   255   255
   255   255   255   255   255   255   255   255   255   254   255   255   223   226     1     3     1   148   255   255   253   254   255   255   255   255   255   255   255   255
   255   255   255   255   255   255   255   255   255   255   255   255   224   227     1     3     5   140   255   255   255   253   255   253   255   255   255   255   255   255
   255   255   255   255   255   255   255   255   255   255   255   255   224   227     1     2     0   157   254   250   255   255   255   254   255   255   255   255   255   255
   255   255   255   255   255   255   255   255   255   254   255   255   225   228     1     2     1   140   254   255   253   255   253   255   255   255   255   255   255   255
   255   255   255   255   255   255   255   255   255   254   255   255   225   228     1     1     7   140   255   255   255   255   253   254   255   255   255   255   255   255
   255   255   255   255   255   255   255   255   255   254   254   255   225   228     1     1     0   150   253   249   255   252   255   254   255   255   255   255   255   255
   255   255   255   255   255   255   255   255   255   254   254   255   225   228     0     0     0   146   255   255   255   255   255   254   255   255   255   255   255   255
   255   255   255   255   255   255   255   255   254   255   254   255   224   224     0     0     4   139   255   253   255   254   255   253   255   255   255   255   255   255
   255   255   255   255   255   255   255   255   255   255   253   255   224   225     2     1     0   202   249   252   255   255   255   255   255   255   255   255   255   255
   255   255   255   255   255   255   255   255   255   255   252   255   224   226     4     3     0   194   254   255   255   250   252   254   255   255   255   255   255   255
   255   255   255   255   255   255   255   255   255   255   252   255   225   227     4     3     3   224   255   255   255   253   255   255   255   255   255   255   255   255
   255   255   255   255   255   255   255   255   254   255   252   255   225   227     2     1     2   230   255   253   255   255   255   255   255   255   255   255   255   255
   255   255   255   255   255   255   255   255   254   254   252   255   225   226     1     0     3   214   255   254   255   253   255   252   255   255   255   255   255   255
   255   255   255   255   255   255   255   255   255   254   252   255   225   227     2     0     3   226   253   255   254   255   255   255   255   255   255   255   255   255
   255   255   255   255   255   255   255   255   255   254   251   254   224   227     3     2     0   152   254   255   255   252   254   255   255   255   255   255   255   255
   255   255   255   255   255   255   255   255   255   253   254   252   251   246    46     1     9   140   255   255   252   251   255   253   255   255   255   255   255   255
   255   255   255   255   255   255   255   255   253   255   255   255   252   248    40     0     0   149   251   255   255   253   255   254   255   255   255   255   255   255
   255   255   255   255   255   255   255   255   255   255   253   249   252   255    47     4     3    74   255   255   248   255   255   255   255   255   255   255   255   255
   255   255   255   255   255   255   255   255   255   254   253   254   252   254   104     1     0    69   251   255   255   255   252   253   255   255   255   255   255   255
   255   255   255   255   255   255   255   255   255   255   251   255   250   254   224    56    57   156   255   255   254   251   255   255   255   255   255   255   255   255
   255   255   255   255   255   255   255   255   252   255   255   248   255   252   231    48    56   143   255   255   251   255   255   253   255   255   255   255   255   255