   255   255   254   255   255   255   255   255   255   250   255   255   251   255   255   251   255   253   255   255   254   255   255   254   255   255   255   255   255   255
   255   255   255   255   255   255   255   255   255   255   252   255   255   246   255   255   252   255   252   255   255   255   250   255   255   255   255   255   255   255
   254   255   255   255   255   255   255   255   253   255   253   250   255   248   253   238   235   232   151   153   132   251   255   255   255   255   255   255   255   255
   255   255   255   255   254   254   254   253   252   255   255   254   244   255   253   246   229   227   159   156   131   247   255   253   255   255   255   255   255   255
   255   255   255   254   254   255   255   254   255   244   251   255   255   216   106    38     2     4     1     4     0   111   246   255   255   255   255   255   255   255
   254   255   255   254   255   255   255   254   253   224   211   102    99    11     1     3    37    30    42    44     3    21   223   255   255   255   255   255   255   255
   254   255   255   254   255   255   255   250   253   209   221   109   106     9     2     7    28    36    41    41     6    15   218   253   255   255   255   255   255   255
   254   255   255   254   255   255   251   244   103    13    17     0     2    10     1    38   225   218   220   222     1     7   194   255   255   255   255   255   255   255
   254   255   253   255   255   254   254   159     5     1     4     9     2     0    38   223   255   248   223   219     0     8   190   255   255   255   255   255   255   255
   255   255   255   253   252   255   255    74     4     7     2    34    32    90   227   255   252   255   178   180     4     0   200   255   255   255   255   255   255   255
   254   255   255   251   255   254   243    74     0     2     2    35    42    90   223   253   252   254   177   176     2     7   193   255   255   255   255   255   255   255
   255   255   255   250   255   254   255   233   128   203   201   229   226   255   255   253   255   255   147   160     0    10   192   253   255   255   255   255   255   255
   255   248   255   255   253   255   252   252   255   250   251   253   255   254   254   254   254   248    99   101     8     0   197   254   255   255   255   255   255   255
   252   254   255   255   253   253   255   253   252   255   255   255   244   253   250   255   255   254    97   100     0     8   196   255   255   255   255   255   255   255
   255   255   249   250   255   255   255   252   253   255   254   255   253   150   130   133   135   137    58    47     5    67   242   255   255   255   255   255   255   255
   254   253   254   255   252   252   255   255   241   202   198    82    69     1     5     0     0     3     0     8    30   219   254   255   255   255   255   255   255   255
   255   252   254   255   255   251   251   200    32     4     5    10     5    29    88    22     0    12     1     0    20   137   253   255   254   254   253   255   255   253
   253   253   255   255   255   253   249   205    28     7     0    11    17    24    89     2    14     0     5    15    28   138   246   255   255   254   255   253   254   255
   251   255   255   250   252   244   177     0     7   127   128   201   191   255   232    48     0     4     0     0     0     4   169   250   242   255   252   254   254   250
   254   253   255   246   113   132     7     2    79   238   243   252   253   239    54     2     0    17   129   134    82     6     1    70    68   191   186   208   208   255
   254   255   250   255   122   112     1     4    72   237   237   255   252   231    52     0    14     0   125   119    87     0     4    77    77   185   191   206   208   248
   249   255   251   129     0    10    12   147   237   255   252   199   202    67     0    43   189   200   250   255   241   179    96     7    14     1     0     6    31   255
   255   146   155     0    11     6   175   241   186    82    83    12    12     0   131   222   254   250   255   255   255   248   255   174   155    81    74    73   219   250
   252    26    22     5    17    12    45    38     0     5     3     1     3   131   253   255   252   255   253   248   255   255   254   254   255   251   255   251   255   248
   255    49    47     4     0     5     5     2    77   134   144   216   226   254   251   253   253   253   253   253   253   253   253   253   254   254   254   254   254   254
   255    44    47     5    12     2     2     1    77   141   133   219   219   251   252   253   254   254   254   254   254   254   254   254   253   253   253   253   253   253
   255   238   247   162   103   118   131   234   245   255   255   255   255   252   255   255   255   255   255   255   255   255   255   255   255   255   255   255   255   255
   255   248   234   164   113   113   136   236   252   252   255   247   253   253   252   255   255   255   255   255   255   255   255   255   255   255   255   255   255   255
   255   248   255   254   255   252   254   252   250   255   251   255   254   255   255   254   255   255   255   255   255   255   255   255   255   255   255   255   255   255
   252   255   245   253   254   255   255   255   255   253   255   251   255   253   255   255   255   255   255   255   255   255   255   255   255   255   255   255   255   255