   254   255   247   255   255   252   255   253   255   254   255   254   249   255   255   255   255   254   255   255   254   255   255   255   255   255   255   255   255   255
   255   255   255   249   255   255   250   255   255   251   255   255   255   255   250   255   254   254   255   255   255   255   247   255   255   255   255   255   255   255
   255   248   255   255   246   255   255   255   253   166    88    92    39     2    16     0    63   242   238   251   253   255   255   255   255   255   255   255   255   255
   254   255   249   255   255   254   254   253   255   159    95    90    43     4     0    13    63   239   236   254   255   248   255   252   255   255   255   255   255   255
   252   249   255   251   247   255   231   240    72     0    21    20    76    80    69    14     3    37    48   255   251   255   255   255   255   255   255   255   255   255
   255   255   255   248   255   255    56    50    27   119   228   241   251   254   255   211    14     1     4   126   254   255   253   255   255   255   255   255   255   255
   254   253   253   255   251   254    41    53    14   119   239   235   255   255   255   213    10     8    10   126   253   251   250   255   255   255   255   255   255   255
   255   253   251   255   249   193     7     4    91   252   250   255   252   255   247   255   134     3     0    36   255   255   255   254   255   255   255   255   255   255
   249   253   255   255   255   178    35    36   174   254   255   255   249   252   255   253   204     0     9    29   238   240   255   254   253   255   255   255   255   252
   255   255   250   253   249   253   244   246   250   255   247   255   255   255   254   255   221     0     0     5   152   150   251   255   255   251   251   255   255   255
   252   255   254   255   253   248   255   248   254   249   255   255   254   254   253   255   215     5     0     0   152   149   255   251   252   253   255   255   249   255
   255   255   252   251   255   251   244   253   254   249   255   253   253   255   255   251   243    40    47     2   114   114   252   255   254   250   250   254   248   254
   253   249   255   252   255   255   255   255   255   255   255   251   255   254   255   252   255    42    44     0   116   114   252   252   255   255   255   255   255   255
   255   253   255   251   253   252   255   252   247   255   255   253   255   249   254   255   255    57    48     0   117   111   251   255   251   254   255   252   253   243
   255   255   250   253   255   253   253   255   255   255   255   250   255   255   255   253   241    33    41     3   126   131   255   253   254   253   255   252   255   255
   254   254   255   255   255   255   252   255   255   250   255   255   255   254   253   254   221     0     4     0   195   201   251   255   235   234   196   122   134   216
   255   253   255   255   253   255   255   251   255   254   254   255   254   248   255   218   154     2     0     3    46    49    95    48    28    30     2    18    11   100
   252   255   253   254   255   243   255   255   254   255   255   255   251   255   235   226   151    10     6     0    46    48    98    48    33    34     0    11    20    83
   255   255   248   255   255   245   230   226   171   116    51    51    55    46    46     0     7     0     0     3    10     0    33    34   122   126   203   226   217   255
   250   255   255   113   122    47     0     1     2     8     4     5    11    29    23    10     0     2     8    99   207   211   248   253   255   254   253   255   254   251
   255   254   248   113   111    46     2     5     4     3     0     2    13    28    29     2     4     0     3   107   194   215   255   255   250   252   253   250   255   255
   250   255    68     8     7     2    75    74   105   200   192   200   225   255   254    40     7    34    37   236   254   250   255   248   255   255   253   255   253   253
   255   253     0    29    26   212   255   251   255   246   255   255   253   116   119    13    17   208   204   255   255   252   254   255   248   255   250   252   255   246
   252   255     0    51    52   244   253   254   255   251   254   241    76     3     1     7   197   254   252   250   255   249   252   253   255   246   255   255   253   253
   255   255    38     0     5    87    82    78   121   168    41    39     1    58    55   206   254   254   254   254   254   254   254   254   254   254   254   254   254   254
   255   250    42     0     4   101    75    77   124   164    42    43    11    46    58   206   254   254   254   254   254   254   254   254   254   254   254   254   254   254
   246   255   251   120   126     0     3    11     4     3    81    81   185   255   255   252   255   255   255   255   255   255   255   255   255   255   255   255   255   255
   255   246   255   127   130     7     9     7     0    19    83    84   179   250   252   255   255   255   255   255   255   255   255   255   255   255   255   255   255   255
   246   255   255   247   249   255   250   251   255   247   251   255   255   252   255   250   255   255   255   255   255   255   255   255   255   255   255   255   255   255
   255   250   255   255   255   252   255   255   254   255   253   255   247   255   254   254   255   255   255   255   255   255   255   255   255   255   255   255   255   255