   255   255   255   253   255   255   253   254   255   248   255   253   250   255   252   255   255   250   255   245   252   255   245   255   255   251   255   255   255   255
   253   255   255   255   254   252   255   255   255   255   249   252   255   251   253   251   254   253   255   255   251   251   255   252   255   255   255   251   250   252
   255   254   254   255   253   253   255   252   252   249   255   249   171   169   159   113     1    70    54   163   205   206   245   255   249   255   254   255   255   255
   255   253   253   254   253   255   255   250   252   212    78    74     6     3     3     3     0     5     5     3    30    39   107   237   253   255   251   250   255   255
   254   255   254   252   255   255   253   255   244   195    77    71    14     2     0     4     6     3     1     0    41    31    96   238   251   252   255   255   252   255
   252   255   255   252   254   210   148   149    79     1     1    13     0     3     9     2     5     2     0     6     0     7    12     0   128   131   203   255   253   248
   254   254   255   255   251   147     8     0     1     6     1     0    35    34    37    28    38    30    30    14     7     0     4     1     3     7   145   255   255   251
   255   253   251   253   255   147     0     8     1     3     0     9    28    33    37    38    25    44    37     4     3     6     0     3     2     1   149   255   250   255
   255   250   255   255   246   145    84    81     3    25   130   119   246   252   255   255   255   252   252   151     0     6     0     3     0     2   147   255   253   255
   255   253   255   249   255   241   239   241   220   216   253   255   250   255   255   248   245   255   249   184     4     4     2     0    15    19   170   253   255   254
   254   252   255   254   255   253   255   250   250   255   253   255   255   255   252   255   253   116   119    37     4     0     8     1   145   144   255   255   248   254
   255   251   252   255   252   252   255   255   255   253   255   247   255   250   255   249   252   113   108    31     8     0     0     3   155   156   252   251   255   255
   253   255   255   255   255   255   252   250   253   249   254   255   252   254   255   179    82     1     7     6     3     1     6    37   227   219   255   252   255   253
   255   255   252   250   254   255   253   255   255   254   255   255   251   160   148    17     1     2     4     0     4     2   131   202   255   254   255   251   252   254
   255   251   251   253   255   253   252   255   252   255   252   248   255   157   156     6     4     1     3     6     8     8   119   210   255   249   247   255   255   252
   255   254   255   253   254   254   255   250   248   255   209   212   128     0     8     1     8     0     5     4    82    85   222   254   253   255   255   252   251   255
   255   249   253   253   253   255   251   255   248   221    40    31     9     9     0    10     9    11    10   145   253   251   255   247   255   255   255   252   252   255
   253   255   251   255   250   255   255   243   135     0     1     7     0    66    64   140   254   248   250   255   255   255   253   255   253   245   255   255   255   254
   252   255   255   255   254   253   252   255   130     8     0     6     0    58    77   148   254   255   255   253   255   246   255   255   255   255   252   255   255   246
   255   255   249   250   255   241   208   205    40     0     6     0    71   225   217   255   249   255   252   251   255   255   252   255   250   252   255   254   255   255
   255   244   255   255   250   148     8     0     0     4    68    63   242   255   255   250   255   250   255   255   252   247   254   253   254   255   249   248   254   247
   255   250   252   255   255   148     0     3     5     3    68    66   234   251   253   255   255   250   253   255   255   255   251   255   255   251   253   255   255   255
   253   250   255   207   217    29     0     6     4    67   234   231   255   254   254   251   249   254   252   224   204   212    85    47    46    53    57    55    58   197
   255   251   206    38    39     3     2     1     0   113   195   203   249   255   253   132   126   126   127    33     5     1     1     5     0     4     0   166   164   252
   250   255   242    98   107     1     5     5     2     0    11    21    29    38    33     0     1     0     2     0     2     3     6     0     2     1     4   134   132   255
   255   255   252   255   243    90     1     4     0     8     3     5     0     6     3     4     8     1     9     5     0    16     0     3   130   123   152   244   250   246
   253   248   255   241   250    92     4     4     1     0     1     0    10     3     4     1     0     1     1     1     7     0     8     2   131   142   150   250   250   255
   253   255   252   255   255   177    58    73     4     0     2     6     0     1     1     4     1    32    33   202   238   244   237   238   255   252   249   252   255   253
   255   252   254   255   251   180    66    62     4     4     2     4     3    12     1     3     6    24    37   187   238   239   236   246   250   253   255   254   255   255
   255   252   253   252   249   255   244   242   163   130    10     2     3   102   104   166   162   201   198   255   255   255   255   255   255   255   255   248   255   252