   253   255   254   255   255   255   255   253   255   255   255   253   255   255   249   255   254   255   255   254   255   251   255   255   255   254   251   255   255   255
   254   255   255   174    66     0     3     1     0     4     0     0    82    87   158   222   227   202   242   253   254   255   254   251   251   255   255   251   252   255
   255   252   249   183    64     3     0     2     0     2     0     7    74    73   151   227   223   206   240   255   250   249   251   251   255   254   255   251   255   255
   254   173   173     4    13     2     3     4     2     7     3     5     7     0     7    35    38    30    48    48    56    63   197   201   249   254   250   255   253   252
   251   159   159     0     7     0     6     7     0     5     0     0     1     9     3     5     2     0    14     0     1     1    25    27   197   255   255   255   250   255
   254   148   158     1     0     4     0     2     9     5     1    10     3     0     2     4     4     0     5     1     2     0    35    31   209   247   255   250   255   254
   251     8     6     0    11     7     0     5     0     0     4     5     3     2     3     5     6     9     0     6     1     5     0     1     0    81   237   255   252   255
   252   132   135    39    37    96    97   187   200   195   145    34    42    42     9     0     1     2     3     6     1     0     7     0     6     0   205   254   253   255
   255   255   255   255   255   255   255   255   253   255   255   254   253   255   147   146   137   137    22     0     5     4     4     0     9     0   127   255   251   255
   255   255   255   255   255   255   255   255   255   252   253   255   255   250   157   131   140   142    18     5     0     6     0     6     1     2   126   248   249   255
   255   255   255   255   255   255   255   255   254   255   255   253   248   255   252   255   253   255   232   242   229    86    13     9     0    14    57   252   255   250
   255   255   255   255   255   255   255   255   255   252   253   252   254   255   255   250   250   255   255   242   255   158     9    22     5     0   172   255   247   255
   255   255   255   255   255   255   255   255   253   255   255   253   252   252   249   252   255   253   252   255   252   146    11     9     3     4   171   254   255   247
   255   255   255   255   255   255   255   255   254   255   253   252   255   255   252   255   254   250   249   251   239     0     6     0     2    63   230   255   253   255
   255   255   255   255   255   255   255   255   254   255   254   254   254   249   254   252   255   254   231    68    76     4     1     1     0   157   252   253   255   253
   255   255   255   255   255   255   255   255   255   255   252   255   255   247   255   249   243   156    60     1     0     1    10     8   125   255   254   252   255   255
   255   255   255   255   255   255   255   255   252   255   255   253   252   254   251   254   254   150    63     1     7     0     5    12   123   255   252   255   255   250
   255   255   255   255   255   255   255   255   255   254   253   255   251   255   255   158   151     8     0     7     0     3    57    64   252   255   248   253   255   251
   255   255   255   255   255   255   255   255   254   252   252   252   136   137    32    12     6     0     5     3    24   228   235   237   255   246   255   255   252   255
   255   255   255   255   255   255   255   255   255   254   255   247   138   139    26    14    18     5     0    27     7   214   239   222   252   254   255   255   250   255
   255   255   255   255   255   255   255   255   250   255   195    86    39    48     3     1     0     3    61   181   172   255   255   253   255   255   248   255   255   254
   255   255   255   255   255   255   255   255   255   255   166     5     0     2     0    19    17   117   237   250   255   253   254   251   250   252   255   255   255   255
   255   255   255   255   255   255   255   255   253   247    46     3     6     0     8   115   113   196   248   251   255   250   251   255   255   255   255   254   255   255
   255   255   255   255   255   255   255   255   253   251    17     0     7     4     2     0     0     4    81    94    90    97    96    94   186   247   246   255   252   255
   255   255   255   254   255   255   255   253   252   244    16     5     0     4     1     2     0     6    84    92    93    93    93    94   191   249   251   252   255   254
   255   255   255   254   254   255   254   252   172   175     0     5     3     0     5     0     6     2     4     2     0     5     5     0     4     0    60   190   184   255
   255   255   255   254   254   254   253   251   181   174    10     0     0    12     0     8     0     0     3     8     1    10     0     3     6     3    55   191   189   255
   255   255   254   254   254   254   253   252   250   253   156    62    26    24     0     5     0     7     6     0     3     0     5     0    36    26    56    14    24   255
   255   254   254   254   254   254   254   254   255   255   251   253   211   204   155   148   165    80     0     4     3    12   134   131   215   200   233   156   149   253
   255   254   254   255   255   254   254   255   254   252   255   254   245   253   255   254   250   247   255   251   250   250   252   255   253   254   255   255   254   255